81.121
79.466
108.238
89.098
96.017
91.194
81.471
85.464
85.727
85.507
104.757
91.771
113.959
86.542
115.209
88.827
91.946
87.634
93.228
131.859
106.905
97.767
115.103
96.931
106.071
100.462
103.518
86.947
116.961
98.303
95.281
97.244
110.119
154.973
109.027
96.418
91.703
92.448
92.837
99.212
99.236
89.909
108.026
85.987
85.416
85.037
88.172
96.271
91.658
97.597
96.808
95.330
95.532
101.848
139.442
156.606
132.806
101.815
100.290
101.331
99.831
103.274
96.587
98.073
94.579
80.748
83.892
86.127
88.331
77.936
90.178
91.494
87.584
79.513
105.604
95.293
140.438
123.701
86.655
87.907
79.752
58.915
55.565
54.518
46.426
40.300
43.410
55.875
44.315
40.011
43.442
71.164
97.154
131.865
126.944
141.852
96.678
67.925
81.195
85.089
89.118
95.602
73.478
73.679
69.132
125.258
95.068
72.955
70.921
86.667
101.207
72.133
99.098
98.947
89.442
84.721
120.966
88.817
77.014
120.285
74.967
65.568
46.709
38.843
34.092
26.327
31.405
31.391
23.996
29.200
57.217
76.286
65.428
45.422
41.030
25.612
27.687
22.279
27.809
21.644
25.255
25.770
22.276
25.368
33.838
30.537
47.884
31.990
28.320
26.927
31.781
53.438
35.152
41.316
28.686
29.746
45.868
40.131
39.743
28.080
24.730
27.618
30.512
22.855
25.481
12.142
3.008
2.990
15.367
22.945
18.376
21.378
21.064
28.708
27.027
21.816
22.255
22.717
23.578
21.779
28.101
35.067
32.914
26.214
29.202
23.477
27.883
27.630
31.416
27.485
26.156
19.395
28.792
24.949
22.201
27.595
31.855
22.435
20.961
26.533
20.372
20.581
19.749
28.898
26.216
23.108
24.211
23.011
21.321
22.283
30.910
18.225
18.645
19.374
19.143
26.318
26.253
22.189
21.731
19.403
23.653
25.530
23.038
7.006
2.806
2.701
2.693
2.646
2.669
2.557
2.670
2.629
2.824
2.651
2.661
2.685
2.622
2.570
2.574
29.069
24.281
24.879
28.459
22.267
16.764
23.882
23.561
23.353
22.958
28.114
25.775
17.514
20.113
26.704
23.810
23.999
50.423
27.343
29.871
21.464
23.017
22.206
22.778
20.130
25.759
21.781
20.283
26.648
25.539
25.134
27.336
30.309
28.714
56.020
56.020
47.115
25.657
30.008
33.088
65.718
66.283
69.281
62.084
58.092
62.157
63.603
60.003
68.769
63.994
56.000
60.557
62.960
64.226
61.087
59.217
58.422
55.601
58.847
58.762
63.316
56.159
67.762
60.656
58.718
64.304
68.885
66.332
75.965
84.451
74.123
70.709
71.244
72.753
77.056
57.577
70.117
73.605
73.265
69.643
80.216
79.364
78.722
86.962
83.027
77.337
79.682
98.653
101.146
95.823
132.246
128.725
124.047
123.361
122.324
134.500
112.652
146.319
100.234
95.386
96.318
101.211
107.392
103.386
126.487
109.876
105.889
105.552
106.586
98.954
90.830
83.668
87.467
100.507
101.285
102.442
92.986
104.439
99.646
121.742
111.427
108.989
84.813
110.288
94.704
120.893